6.37
6.37
6.36
6.36
6.35
6.34
6.32
6.3
6.29
6.28
6.2
6.03
5.81
5.55
5.26
4.96
4.66
4.37
4.11
3.86
3.63
3.43
3.25
3.08
2.94
2.82
2.71
2.62
2.55
2.49
2.45
2.42
2.42
2.42
2.45
2.49
2.55
2.62
2.71
2.82
2.94
3.08
3.25
3.43
3.63
3.86
4.11
4.37
4.66
4.96
5.26
5.55
5.81
6.03
6.2
6.28
6.29
6.3
6.32
6.34
6.35
6.36
6.36
6.37
6.37
6.36569
6.366
6.3617
6.35706
6.34839
6.33767
6.32324
6.30901
6.29793
6.28337
6.20417
6.04348
5.82514
5.56583
5.27785
4.98109
4.68198
4.39137
4.11837
3.86456
3.63321
3.42764
3.24639
3.08904
2.96006
2.85146
2.75499
2.67285
2.60568
2.55156
2.5127
2.48811
2.48145
2.48811
2.5127
2.55156
2.60568
2.67285
2.75499
2.85146
2.96006
3.08904
3.24639
3.42764
3.63321
3.86456
4.11837
4.39137
4.68198
4.98109
5.27785
5.56583
5.82514
6.04348
6.20417
6.28337
6.29793
6.30901
6.32324
6.33767
6.34839
6.35706
6.3617
6.366
6.36569
6.36847
6.36802
6.36547
6.3594
6.3516
6.34049
6.32841
6.31501
6.30426
6.28855
6.21073
6.05205
5.83562
5.57684
5.29023
4.99385
4.69494
4.4023
4.1254
3.86859
3.63585
3.42898
3.24929
3.0976
2.97578
2.87505
2.78626
2.71036
2.647
2.59679
2.55965
2.53723
2.52955
2.53723
2.55965
2.59679
2.647
2.71036
2.78626
2.87505
2.97578
3.0976
3.24929
3.42898
3.63585
3.86859
4.1254
4.4023
4.69494
4.99385
5.29023
5.57684
5.83562
6.05205
6.21073
6.28855
6.30426
6.31501
6.32841
6.34049
6.3516
6.3594
6.36547
6.36802
6.36847
6.37548
6.37628
6.3726
6.36743
6.35826
6.34811
6.33506
6.32261
6.31047
6.29544
6.21708
6.05987
5.8433
5.58548
5.29838
5.00241
4.70245
4.40906
4.12983
3.87196
3.63816
3.43166
3.25344
3.10521
2.9878
2.89217
2.80868
2.73689
2.6773
2.62925
2.59461
2.57266
2.56582
2.57266
2.59461
2.62925
2.6773
2.73689
2.80868
2.89217
2.9878
3.10521
3.25344
3.43166
3.63816
3.87196
4.12983
4.40906
4.70245
5.00241
5.29838
5.58548
5.8433
6.05987
6.21708
6.29544
6.31047
6.32261
6.33506
6.34811
6.35826
6.36743
6.3726
6.37628
6.37548
6.38919
6.3885
6.38613
6.37906
6.3707
6.35844
6.3459
6.33124
6.31917
6.30254
6.22502
6.06667
5.85083
5.59185
5.3052
5.00807
4.70796
4.41295
4.1333
3.8741
3.6405
3.43395
3.25736
3.11127
2.99696
2.90486
2.82451
2.75623
2.69867
2.65329
2.61933
2.59924
2.59177
2.59924
2.61933
2.65329
2.69867
2.75623
2.82451
2.90486
2.99696
3.11127
3.25736
3.43395
3.6405
3.8741
4.1333
4.41295
4.70796
5.00807
5.3052
5.59185
5.85083
6.06667
6.22502
6.30254
6.31917
6.33124
6.3459
6.35844
6.3707
6.37906
6.38613
6.3885
6.38919
6.40708
6.40806
6.40372
6.39755
6.3866
6.37459
6.35904
6.34406
6.32878
6.31248
6.23314
6.07532
5.85778
5.59915
5.31083
5.0137
4.71202
4.41683
4.13568
3.87644
3.64218
3.43638
3.26044
3.11616
3.00388
2.91392
2.8363
2.76966
2.71466
2.66997
2.63803
2.61749
2.61131
2.61749
2.63803
2.66997
2.71466
2.76966
2.8363
2.91392
3.00388
3.11616
3.26044
3.43638
3.64218
3.87644
4.13568
4.41683
4.71202
5.0137
5.31083
5.59915
5.85778
6.07532
6.23314
6.31248
6.32878
6.34406
6.35904
6.37459
6.3866
6.39755
6.40372
6.40806
6.40708
6.43308
6.43242
6.42922
6.42045
6.40966
6.39422
6.378
6.35906
6.34249
6.32348
6.24443
6.08439
5.86694
5.60619
5.31771
5.01863
4.71676
4.41987
4.13862
3.87828
3.64429
3.43826
3.26322
3.11988
3.00897
2.92081
2.84437
2.77979
2.72543
2.68281
2.65066
2.63175
2.62456
2.63175
2.65066
2.68281
2.72543
2.77979
2.84437
2.92081
3.00897
3.11988
3.26322
3.43826
3.64429
3.87828
4.13862
4.41987
4.71676
5.01863
5.31771
5.60619
5.86694
6.08439
6.24443
6.32348
6.34249
6.35906
6.378
6.39422
6.40966
6.42045
6.42922
6.43242
6.43308
6.46478
6.46567
6.46029
6.45175
6.43754
6.42117
6.40055
6.37976
6.35823
6.33867
6.25702
6.09677
5.87672
5.61556
5.32476
5.02518
4.72121
4.42402
4.14122
3.8808
3.646
3.44044
3.26545
3.1229
3.01296
2.92562
2.85066
2.78658
2.73399
2.69134
2.6608
2.64111
2.63536
2.64111
2.6608
2.69134
2.73399
2.78658
2.85066
2.92562
3.01296
3.1229
3.26545
3.44044
3.646
3.8808
4.14122
4.42402
4.72121
5.02518
5.32476
5.61556
5.87672
6.09677
6.25702
6.33867
6.35823
6.37976
6.40055
6.42117
6.43754
6.45175
6.46029
6.46567
6.46478
6.50634
6.50589
6.50103
6.48948
6.47422
6.45337
6.4304
6.40408
6.37929
6.35608
6.27395
6.11077
5.89001
5.62601
5.33433
5.0322
4.7274
4.42811
4.14499
3.88317
3.64838
3.44225
3.2677
3.12533
3.01597
2.92961
2.85505
2.79229
2.73956
2.69836
2.66723
2.64902
2.64209
2.64902
2.66723
2.69836
2.73956
2.79229
2.85505
2.92961
3.01597
3.12533
3.2677
3.44225
3.64838
3.88317
4.14499
4.42811
4.7274
5.0322
5.33433
5.62601
5.89001
6.11077
6.27395
6.35608
6.37929
6.40408
6.4304
6.45337
6.47422
6.48948
6.50103
6.50589
6.50634
6.55643
6.55712
6.55007
6.53761
6.51815
6.49459
6.4658
6.43541
6.40377
6.37868
6.29331
6.12899
5.90502
5.6398
5.34503
5.04168
4.73424
4.43401
4.14884
3.8866
3.65064
3.44459
3.26973
3.12763
3.01848
2.93236
2.85862
2.79588
2.74437
2.70269
2.6729
2.65378
2.64798
2.65378
2.6729
2.70269
2.74437
2.79588
2.85862
2.93236
3.01848
3.12763
3.26973
3.44459
3.65064
3.8866
4.14884
4.43401
4.73424
5.04168
5.34503
5.6398
5.90502
6.12899
6.29331
6.37868
6.40377
6.43541
6.4658
6.49459
6.51815
6.53761
6.55007
6.55712
6.55643
6.619
6.61879
6.61134
6.59539
6.57311
6.54375
6.51019
6.4723
6.4346
6.4048
6.31775
6.1498
5.92399
5.65523
5.3587
5.05216
4.74314
4.44042
4.15416
3.89018
3.65369
3.44672
3.2718
3.12945
3.0205
2.93466
2.86094
2.79894
2.74717
2.70649
2.67611
2.65801
2.65133
2.65801
2.67611
2.70649
2.74717
2.79894
2.86094
2.93466
3.0205
3.12945
3.2718
3.44672
3.65369
3.89018
4.15416
4.44042
4.74314
5.05216
5.3587
5.65523
5.92399
6.1498
6.31775
6.4048
6.4346
6.4723
6.51019
6.54375
6.57311
6.59539
6.61134
6.61879
6.619
6.69432
6.69478
6.68504
6.66657
6.63893
6.60432
6.56286
6.51771
6.47051
6.43688
6.34584
6.17533
5.94544
5.67415
5.37386
5.06504
4.75283
4.44839
4.15967
3.89467
3.65664
3.44916
3.27338
3.13102
3.02195
2.9362
2.8629
2.80078
2.74971
2.70862
2.67906
2.66033
2.65456
2.66033
2.67906
2.70862
2.74971
2.80078
2.8629
2.9362
3.02195
3.13102
3.27338
3.44916
3.65664
3.89467
4.15967
4.44839
4.75283
5.06504
5.37386
5.67415
5.94544
6.17533
6.34584
6.43688
6.47051
6.51771
6.56286
6.60432
6.63893
6.66657
6.68504
6.69478
6.69432
6.78627
6.78632
6.77499
6.75212
6.71915
6.67662
6.62687
6.57121
6.51383
6.47389
6.3795
6.20438
5.97103
5.69511
5.39173
5.07905
4.76435
4.45671
4.16629
3.89905
3.65999
3.4513
3.27505
3.13217
3.02308
2.93742
2.86407
2.80236
2.75108
2.71066
2.68057
2.6625
2.65613
2.6625
2.68057
2.71066
2.75108
2.80236
2.86407
2.93742
3.02308
3.13217
3.27505
3.4513
3.65999
3.89905
4.16629
4.45671
4.76435
5.07905
5.39173
5.69511
5.97103
6.20438
6.3795
6.47389
6.51383
6.57121
6.62687
6.67662
6.71915
6.75212
6.77499
6.78632
6.78627
6.89719
6.89739
6.88339
6.85576
6.81539
6.76389
6.70293
6.63527
6.56422
6.51759
6.41784
6.23795
5.99902
5.71872
5.41085
5.09495
4.7765
4.46626
4.17302
3.90412
3.66322
3.45358
3.27638
3.13325
3.02387
2.93803
2.86484
2.80303
2.75212
2.7114
2.68189
2.66342
2.65755
2.66342
2.68189
2.7114
2.75212
2.80303
2.86484
2.93803
3.02387
3.13325
3.27638
3.45358
3.66322
3.90412
4.17302
4.46626
4.7765
5.09495
5.41085
5.71872
5.99902
6.23795
6.41784
6.51759
6.56422
6.63527
6.70293
6.76389
6.81539
6.85576
6.88339
6.89739
6.89719
7.03131
7.03161
7.01436
6.98065
6.93125
6.86831
6.79378
6.71082
6.62339
6.56789
6.46218
6.27548
6.02993
5.74295
5.43119
5.11143
4.78983
4.4761
4.18028
3.90891
3.66656
3.4555
3.2776
3.1338
3.02416
2.93821
2.86485
2.80319
2.75224
2.71189
2.68215
2.66412
2.65787
2.66412
2.68215
2.71189
2.75224
2.80319
2.86485
2.93821
3.02416
3.1338
3.2776
3.4555
3.66656
3.90891
4.18028
4.4761
4.78983
5.11143
5.43119
5.74295
6.02993
6.27548
6.46218
6.56789
6.62339
6.71082
6.79378
6.86831
6.93125
6.98065
7.01436
7.03161
7.03131
7.19372
7.19363
7.1728
7.13098
7.07068
6.99311
6.90196
6.79985
6.69226
6.62584
6.51266
6.31777
6.06305
5.76393
5.45168
5.12893
4.80363
4.48645
4.18757
3.91389
3.66956
3.45725
3.27826
3.13391
3.02386
2.93772
2.86434
2.80267
2.7519
2.7115
2.68211
2.66381
2.65781
2.66381
2.68211
2.7115
2.7519
2.80267
2.86434
2.93772
3.02386
3.13391
3.27826
3.45725
3.66956
3.91389
4.18757
4.48645
4.80363
5.12893
5.45168
5.76393
6.06305
6.31777
6.51266
6.62584
6.69226
6.79985
6.90196
6.99311
7.07068
7.13098
7.1728
7.19363
7.19372
7.3898
7.39036
7.36385
7.31286
7.23777
7.14283
7.03004
6.90495
6.77176
6.69256
6.56995
6.36618
6.10195
5.79447
5.47602
5.14813
4.81805
4.49696
4.19467
3.91835
3.6721
3.45828
3.27848
3.13329
3.02288
2.93659
2.86312
2.80156
2.75069
2.71055
2.681
2.66307
2.65683
2.66307
2.681
2.71055
2.75069
2.80156
2.86312
2.93659
3.02288
3.13329
3.27848
3.45828
3.6721
3.91835
4.19467
4.49696
4.81805
5.14813
5.47602
5.79447
6.10195
6.36618
6.56995
6.69256
6.77176
6.90495
7.03004
7.14283
7.23777
7.31286
7.36385
7.39036
7.3898
7.62862
7.62824
7.5962
7.53178
7.43956
7.32109
7.18268
7.02757
6.86401
6.76788
6.63506
6.41999
6.1462
5.82891
5.50311
5.16792
4.83228
4.5063
4.2008
3.92174
3.67356
3.45832
3.27764
3.13189
3.02115
2.93463
2.86119
2.79959
2.74896
2.70872
2.67936
2.66115
2.65514
2.66115
2.67936
2.70872
2.74896
2.79959
2.86119
2.93463
3.02115
3.13189
3.27764
3.45832
3.67356
3.92174
4.2008
4.5063
4.83228
5.16792
5.50311
5.82891
6.1462
6.41999
6.63506
6.76788
6.86401
7.02757
7.18268
7.32109
7.43956
7.53178
7.5962
7.62824
7.62862
7.91833
7.91907
7.87751
7.79795
7.68151
7.53526
7.36252
7.17189
6.96876
6.85349
6.70641
6.47904
6.19266
5.86564
5.52968
5.18676
4.8441
4.51398
4.20487
3.92373
3.67368
3.45729
3.27565
3.12946
3.01841
2.93171
2.85826
2.79668
2.746
2.70588
2.67642
2.6584
2.65227
2.6584
2.67642
2.70588
2.746
2.79668
2.85826
2.93171
3.01841
3.12946
3.27565
3.45729
3.67368
3.92373
4.20487
4.51398
4.8441
5.18676
5.52968
5.86564
6.19266
6.47904
6.70641
6.85349
6.96876
7.17189
7.36252
7.53526
7.68151
7.79795
7.87751
7.91907
7.91833
8.27417
8.2736
8.22211
8.11985
7.97449
7.79003
7.57639
7.33897
7.08909
6.94781
6.78479
6.53942
6.24004
5.90081
5.55463
5.20029
4.85103
4.51707
4.20622
3.92329
3.67225
3.45481
3.27267
3.12604
3.01464
2.92782
2.8541
2.79244
2.74176
2.70172
2.67238
2.65438
2.64835
2.65438
2.67238
2.70172
2.74176
2.79244
2.8541
2.92782
3.01464
3.12604
3.27267
3.45481
3.67225
3.92329
4.20622
4.51707
4.85103
5.20029
5.55463
5.90081
6.24004
6.53942
6.78479
6.94781
7.08909
7.33897
7.57639
7.79003
7.97449
8.11985
8.22211
8.2736
8.27417
8.71095
8.7117
8.64344
8.51336
8.32668
8.09548
7.82724
7.53431
7.22444
7.05389
6.86787
6.59776
6.28152
5.93502
5.57454
5.20382
4.84576
4.51481
4.20364
3.92061
3.66875
3.45094
3.26825
3.12119
3.00958
2.92245
2.84877
2.78701
2.73635
2.69624
2.66691
2.64894
2.64288
2.64894
2.66691
2.69624
2.73635
2.78701
2.84877
2.92245
3.00958
3.12119
3.26825
3.45094
3.66875
3.92061
4.20364
4.51481
4.84576
5.20382
5.57454
5.93502
6.28152
6.59776
6.86787
7.05389
7.22444
7.53431
7.82724
8.09548
8.32668
8.51336
8.64344
8.7117
8.71095
9.25532
9.25474
9.1653
8.99283
8.75279
8.45732
8.12248
7.75839
7.37903
7.17155
6.96368
6.67021
6.33651
5.97256
5.59561
5.20527
4.84025
4.50951
4.19961
3.91611
3.66418
3.44572
3.26262
3.11526
3.00328
2.91607
2.84202
2.7803
2.72946
2.68941
2.65992
2.642
2.63587
2.642
2.65992
2.68941
2.72946
2.7803
2.84202
2.91607
3.00328
3.11526
3.26262
3.44572
3.66418
3.91611
4.19961
4.50951
4.84025
5.20527
5.59561
5.97256
6.33651
6.67021
6.96368
7.17155
7.37903
7.75839
8.12248
8.45732
8.75279
8.99283
9.1653
9.25474
9.25532
9.93963
9.94016
9.81436
9.58152
9.26354
8.88498
8.46296
8.01435
7.55011
7.30236
7.06839
6.75305
6.39785
6.01569
5.61676
5.21702
4.84198
4.50346
4.19466
3.91137
3.6585
3.43958
3.25599
3.10806
2.99588
2.9082
2.83419
2.77195
2.72112
2.68073
2.65145
2.63332
2.6273
2.63332
2.65145
2.68073
2.72112
2.77195
2.83419
2.9082
2.99588
3.10806
3.25599
3.43958
3.6585
3.91137
4.19466
4.50346
4.84198
5.21702
5.61676
6.01569
6.39785
6.75305
7.06839
7.30236
7.55011
8.01435
8.46296
8.88498
9.26354
9.58152
9.81436
9.94016
9.93963
10.8211
10.8207
10.6335
10.3014
9.87199
9.37948
8.84944
8.29717
7.73633
7.44061
7.18033
6.83998
6.46479
6.06301
5.64825
5.2349
4.85064
4.50425
4.19239
3.90655
3.65239
3.4324
3.24799
3.09974
2.98682
2.89902
2.82425
2.7619
2.71041
2.67011
2.6403
2.62244
2.61616
2.62244
2.6403
2.67011
2.71041
2.7619
2.82425
2.89902
2.98682
3.09974
3.24799
3.4324
3.65239
3.90655
4.19239
4.50425
4.85064
5.2349
5.64825
6.06301
6.46479
6.83998
7.18033
7.44061
7.73633
8.29717
8.84944
9.37948
9.87199
10.3014
10.6335
10.8207
10.8211
11.9952
11.9953
11.6776
11.1753
10.5781
9.93512
9.27101
8.59967
7.92905
7.58223
7.29227
6.92793
6.5311
6.11198
5.68095
5.25551
4.86057
4.50734
4.19018
3.90152
3.64509
3.42367
3.23843
3.08922
2.97596
2.88711
2.812
2.74871
2.69713
2.65598
2.62632
2.60797
2.60201
2.60797
2.62632
2.65598
2.69713
2.74871
2.812
2.88711
2.97596
3.08922
3.23843
3.42367
3.64509
3.90152
4.19018
4.50734
4.86057
5.25551
5.68095
6.11198
6.5311
6.92793
7.29227
7.58223
7.92905
8.59967
9.27101
9.93512
10.5781
11.1753
11.6776
11.9953
11.9952
13.6662
13.6662
13.0111
12.1973
11.3568
10.524
9.70626
8.90454
8.11871
7.71757
7.39865
7.00938
6.5928
6.15586
5.711
5.27318
4.86929
4.5085
4.18647
3.89399
3.63535
3.41246
3.22612
3.07639
2.96192
2.87236
2.79577
2.73188
2.67909
2.63784
2.60736
2.58909
2.58268
2.58909
2.60736
2.63784
2.67909
2.73188
2.79577
2.87236
2.96192
3.07639
3.22612
3.41246
3.63535
3.89399
4.18647
4.5085
4.86929
5.27318
5.711
6.15586
6.5928
7.00938
7.39865
7.71757
8.11871
8.90454
9.70626
10.524
11.3568
12.1973
13.0111
13.6662
13.6662
19.3
16.3617
14.5926
13.2608
12.124
11.0896
10.1183
9.18883
8.29106
7.83795
7.49072
7.07862
6.64283
6.19083
5.73264
5.28487
4.8723
4.5055
4.17838
3.88242
3.62149
3.39715
3.2101
3.05954
2.94445
2.85241
2.77435
2.70846
2.65503
2.61252
2.58199
2.56303
2.55695
2.56303
2.58199
2.61252
2.65503
2.70846
2.77435
2.85241
2.94445
3.05954
3.2101
3.39715
3.62149
3.88242
4.17838
4.5055
4.8723
5.28487
5.73264
6.19083
6.64283
7.07862
7.49072
7.83795
8.29106
9.18883
10.1183
11.0896
12.124
13.2608
14.5926
16.3617
19.3
19.3
17.2285
15.4896
14.0202
12.7299
11.5583
10.4652
9.42846
8.43228
7.93321
7.56085
7.12808
6.67604
6.21054
5.74249
5.28607
4.86744
4.49471
4.16317
3.86374
3.60068
3.37513
3.18747
3.03745
2.92263
2.82578
2.74404
2.67642
2.62096
2.5779
2.54629
2.52745
2.52077
2.52745
2.54629
2.5779
2.62096
2.67642
2.74404
2.82578
2.92263
3.03745
3.18747
3.37513
3.60068
3.86374
4.16317
4.49471
4.86744
5.28607
5.74249
6.21054
6.67604
7.12808
7.56085
7.93321
8.43228
9.42846
10.4652
11.5583
12.7299
14.0202
15.4896
17.2285
19.3
19.3
17.5741
15.9662
14.4977
13.1524
11.9024
10.7272
9.60712
8.53201
7.99453
7.60121
7.15123
6.68561
6.21043
5.73506
5.27443
4.8518
4.47488
4.1378
3.83499
3.56953
3.34305
3.1554
3.00633
2.88717
2.78585
2.70113
2.63065
2.57382
2.52914
2.49737
2.47759
2.4714
2.47759
2.49737
2.52914
2.57382
2.63065
2.70113
2.78585
2.88717
3.00633
3.1554
3.34305
3.56953
3.83499
4.1378
4.47488
4.8518
5.27443
5.73506
6.21043
6.68561
7.15123
7.60121
7.99453
8.53201
9.60712
10.7272
11.9024
13.1524
14.4977
15.9662
17.5741
19.3
19.3
17.7363
16.2227
14.7847
13.423
12.133
10.9014
9.72128
8.58307
8.01554
7.60503
7.14155
6.66606
6.18439
5.70737
5.24638
4.8257
4.44371
4.09762
3.78991
3.52266
3.29535
3.10731
2.95633
2.83264
2.72726
2.6388
2.56611
2.50703
2.46168
2.42855
2.40907
2.40216
2.40907
2.42855
2.46168
2.50703
2.56611
2.6388
2.72726
2.83264
2.95633
3.10731
3.29535
3.52266
3.78991
4.09762
4.44371
4.8257
5.24638
5.70737
6.18439
6.66606
7.14155
7.60503
8.01554
8.58307
9.72128
10.9014
12.133
13.423
14.7847
16.2227
17.7363
19.3
19.3
17.8186
16.3632
14.949
13.585
12.2686
10.9995
9.77094
8.5828
7.98989
7.56597
7.09265
6.61089
6.12659
5.65454
5.19988
4.77287
4.3823
4.03057
3.72086
3.45276
3.22636
3.03945
2.88468
2.75303
2.64219
2.5501
2.47434
2.41382
2.3668
2.3337
2.31334
2.30696
2.31334
2.3337
2.3668
2.41382
2.47434
2.5501
2.64219
2.75303
2.88468
3.03945
3.22636
3.45276
3.72086
4.03057
4.3823
4.77287
5.19988
5.65454
6.12659
6.61089
7.09265
7.56597
7.98989
8.5828
9.77094
10.9995
12.2686
13.585
14.949
16.3632
17.8186
19.3
19.3
17.8615
16.4367
15.0377
13.6685
12.334
11.0315
9.76299
8.52783
7.91211
7.47677
6.9975
6.51508
6.02331
5.55029
5.0961
4.67007
4.2784
3.92706
3.61716
3.35066
3.12586
2.93633
2.77324
2.63518
2.51939
2.42356
2.34557
2.28317
2.2358
2.20181
2.18193
2.17488
2.18193
2.20181
2.2358
2.28317
2.34557
2.42356
2.51939
2.63518
2.77324
2.93633
3.12586
3.35066
3.61716
3.92706
4.2784
4.67007
5.0961
5.55029
6.02331
6.51508
6.9975
7.47677
7.91211
8.52783
9.76299
11.0315
12.334
13.6685
15.0377
16.4367
17.8615
19.3
19.3
17.8816
16.4718
15.0761
13.7009
12.3459
11.014
9.70333
8.41785
7.7741
7.32702
6.8469
6.35609
5.8673
5.38857
4.93538
4.51171
4.12524
3.77598
3.46822
3.20272
2.9755
2.77758
2.60834
2.46482
2.34505
2.24624
2.16612
2.10297
2.0549
2.02147
2.00115
1.99474
2.00115
2.02147
2.0549
2.10297
2.16612
2.24624
2.34505
2.46482
2.60834
2.77758
2.9755
3.20272
3.46822
3.77598
4.12524
4.51171
4.93538
5.38857
5.8673
6.35609
6.8469
7.32702
7.7741
8.41785
9.70333
11.014
12.3459
13.7009
15.0761
16.4718
17.8816
19.3
19.3
17.889
16.4824
15.0849
13.6981
12.3241
10.9611
9.60776
8.25887
7.56258
7.0985
6.61046
6.11798
5.63534
5.16164
4.70752
4.29003
3.91358
3.56812
3.25816
2.9868
2.75039
2.54672
2.37208
2.22493
2.10185
2.00098
1.91969
1.85613
1.80896
1.77597
1.75652
1.74972
1.75652
1.77597
1.80896
1.85613
1.91969
2.00098
2.10185
2.22493
2.37208
2.54672
2.75039
2.9868
3.25816
3.56812
3.91358
4.29003
4.70752
5.16164
5.63534
6.11798
6.61046
7.0985
7.56258
8.25887
9.60776
10.9611
12.3241
13.6981
15.0849
16.4824
17.889
19.3
19.3
17.8884
16.4795
15.0749
13.6762
12.2831
10.8941
9.50633
8.11399
7.39401
6.91775
6.42467
5.92976
5.45238
4.98856
4.54584
4.13014
3.74932
3.40189
3.09151
2.81635
2.57669
2.36869
2.19133
2.04112
1.91638
1.81399
1.73247
1.66974
1.62489
1.59444
1.57535
1.56902
1.57535
1.59444
1.62489
1.66974
1.73247
1.81399
1.91638
2.04112
2.19133
2.36869
2.57669
2.81635
3.09151
3.40189
3.74932
4.13014
4.54584
4.98856
5.45238
5.92976
6.42467
6.91775
7.39401
8.11399
9.50633
10.8941
12.2831
13.6762
15.0749
16.4795
17.8884
19.3
19.3
17.8838
16.4688
15.0555
13.6447
12.2347
10.8252
9.41162
7.99214
7.25722
6.77574
6.27839
5.7828
5.30507
4.84665
4.40771
3.99625
3.61504
3.26905
2.9576
2.68224
2.44006
2.23091
2.05126
1.90022
1.77416
1.67178
1.5904
1.52869
1.48305
1.45039
1.43059
1.42389
1.43059
1.45039
1.48305
1.52869
1.5904
1.67178
1.77416
1.90022
2.05126
2.23091
2.44006
2.68224
2.9576
3.26905
3.61504
3.99625
4.40771
4.84665
5.30507
5.7828
6.27839
6.77574
7.25722
7.99214
9.41162
10.8252
12.2347
13.6447
15.0555
16.4688
17.8838
19.3
19.3
17.8773
16.4543
15.0325
13.6093
12.1866
10.7596
9.3295
7.88991
7.14849
6.66307
6.17055
5.66829
5.18965
4.73041
4.29506
3.88492
3.5067
3.16107
2.85124
2.57518
2.33345
2.12303
1.94352
1.79167
1.66643
1.56412
1.4846
1.41977
1.37047
1.33529
1.31436
1.30725
1.31436
1.33529
1.37047
1.41977
1.4846
1.56412
1.66643
1.79167
1.94352
2.12303
2.33345
2.57518
2.85124
3.16107
3.5067
3.88492
4.29506
4.73041
5.18965
5.66829
6.17055
6.66307
7.14849
7.88991
9.3295
10.7596
12.1866
13.6093
15.0325
16.4543
17.8773
19.3
19.3
17.8696
16.4396
15.0075
13.576
12.1399
10.7025
9.25704
7.80707
7.05799
6.57328
6.08003
5.58349
5.0971
4.63803
4.20228
3.79526
3.41793
3.07496
2.76553
2.49109
2.24907
2.03964
1.8599
1.70947
1.58577
1.48432
1.39984
1.33212
1.27961
1.24264
1.22027
1.2131
1.22027
1.24264
1.27961
1.33212
1.39984
1.48432
1.58577
1.70947
1.8599
2.03964
2.24907
2.49109
2.76553
3.07496
3.41793
3.79526
4.20228
4.63803
5.0971
5.58349
6.08003
6.57328
7.05799
7.80707
9.25704
10.7025
12.1399
13.576
15.0075
16.4396
17.8696
19.3
19.3
17.8627
16.4239
14.9857
13.543
12.1003
10.6502
9.19791
7.7358
6.98547
6.49687
6.0058
5.50761
5.02211
4.56134
4.12807
3.72158
3.34725
3.00514
2.69795
2.4238
2.18341
1.97406
1.79577
1.64574
1.52352
1.41867
1.33178
1.26086
1.20658
1.1675
1.14452
1.13655
1.14452
1.1675
1.20658
1.26086
1.33178
1.41867
1.52352
1.64574
1.79577
1.97406
2.18341
2.4238
2.69795
3.00514
3.34725
3.72158
4.12807
4.56134
5.02211
5.50761
6.0058
6.49687
6.98547
7.7358
9.19791
10.6502
12.1003
13.543
14.9857
16.4239
17.8627
19.3
19.3
17.8554
16.4112
14.9635
13.5163
12.0625
10.6083
9.14494
7.67918
6.92283
6.43576
5.94169
5.44576
4.9585
4.50006
4.06664
3.66305
3.28956
2.95009
2.64365
2.37153
2.13161
1.92401
1.74627
1.59831
1.47314
1.3663
1.27624
1.20362
1.14696
1.10704
1.08273
1.07495
1.08273
1.10704
1.14696
1.20362
1.27624
1.3663
1.47314
1.59831
1.74627
1.92401
2.13161
2.37153
2.64365
2.95009
3.28956
3.66305
4.06664
4.50006
4.9585
5.44576
5.94169
6.43576
6.92283
7.67918
9.14494
10.6083
12.0625
13.5163
14.9635
16.4112
17.8554
19.3
19.3
17.8499
16.3979
14.9466
13.4899
12.0336
10.5692
9.10387
7.62917
6.87368
6.38273
5.89083
5.39272
4.90792
4.44875
4.01808
3.61501
3.24422
2.90561
2.60142
2.32999
2.09194
1.88497
1.70898
1.5615
1.43378
1.32385
1.23209
1.15703
1.09937
1.0578
1.03332
1.0248
1.03332
1.0578
1.09937
1.15703
1.23209
1.32385
1.43378
1.5615
1.70898
1.88497
2.09194
2.32999
2.60142
2.90561
3.24422
3.61501
4.01808
4.44875
4.90792
5.39272
5.89083
6.38273
6.87368
7.62917
9.10387
10.5692
12.0336
13.4899
14.9466
16.3979
17.8499
19.3
19.3
17.844
16.3885
14.9292
13.4706
12.0053
10.5401
9.06621
7.5909
6.83045
6.3416
5.84686
5.35119
4.86511
4.40854
3.97789
3.57747
3.2074
2.87109
2.56767
2.29813
2.06076
1.85557
1.68082
1.53206
1.40185
1.29028
1.19618
1.11999
1.06056
1.01854
0.993015
0.984788
0.993015
1.01854
1.06056
1.11999
1.19618
1.29028
1.40185
1.53206
1.68082
1.85557
2.06076
2.29813
2.56767
2.87109
3.2074
3.57747
3.97789
4.40854
4.86511
5.35119
5.84686
6.3416
6.83045
7.5909
9.06621
10.5401
12.0053
13.4706
14.9292
16.3885
17.844
19.3
19.3
17.8401
16.3784
14.9173
13.4511
11.9854
10.5123
9.03853
7.55656
6.79774
6.30562
5.81316
5.31565
4.83204
4.37495
3.94683
3.54681
3.17906
2.84346
2.54194
2.27315
2.03724
1.83267
1.6588
1.50847
1.37691
1.2634
1.16815
1.09025
1.03004
0.986908
0.961238
0.95252
0.961238
0.986908
1.03004
1.09025
1.16815
1.2634
1.37691
1.50847
1.6588
1.83267
2.03724
2.27315
2.54194
2.84346
3.17906
3.54681
3.94683
4.37495
4.83204
5.31565
5.81316
6.30562
6.79774
7.55656
9.03853
10.5123
11.9854
13.4511
14.9173
16.3784
17.8401
19.3
19.3
17.8358
16.3719
14.9047
13.438
11.9654
10.4928
9.01273
7.53138
6.76876
6.27874
5.78402
5.28876
4.80416
4.34938
3.92128
3.52348
3.15627
2.82259
2.52173
2.25446
2.0193
1.81615
1.64346
1.49098
1.35744
1.24267
1.14591
1.06716
1.00581
0.962223
0.935946
0.927312
0.935946
0.962223
1.00581
1.06716
1.14591
1.24267
1.35744
1.49098
1.64346
1.81615
2.0193
2.25446
2.52173
2.82259
3.15627
3.52348
3.92128
4.34938
4.80416
5.28876
5.78402
6.27874
6.76876
7.53138
9.01273
10.4928
11.9654
13.438
14.9047
16.3719
17.8358
19.3
19.3
17.8331
16.3647
14.8967
13.4244
11.9522
10.4739
8.99468
7.50866
6.74769
6.25523
5.7625
5.26589
4.78337
4.32821
3.90215
3.50467
3.13933
2.80623
2.50687
2.24027
2.00631
1.8037
1.63097
1.47727
1.34263
1.22655
1.12883
1.04912
0.987294
0.943081
0.916601
0.907723
0.916601
0.943081
0.987294
1.04912
1.12883
1.22655
1.34263
1.47727
1.63097
1.8037
2.00631
2.24027
2.50687
2.80623
3.13933
3.50467
3.90215
4.32821
4.78337
5.26589
5.7625
6.25523
6.74769
7.50866
8.99468
10.4739
11.9522
13.4244
14.8967
16.3647
17.8331
19.3
19.3
17.8302
16.3604
14.8881
13.4158
11.9389
10.4614
8.97782
7.49271
6.7291
6.23834
5.74405
5.24923
4.76605
4.31269
3.88667
3.49091
3.12604
2.79435
2.49564
2.23021
1.99726
1.7964
1.62207
1.46715
1.33148
1.21447
1.11599
1.03554
0.973136
0.928533
0.90183
0.892895
0.90183
0.928533
0.973136
1.03554
1.11599
1.21447
1.33148
1.46715
1.62207
1.7964
1.99726
2.23021
2.49564
2.79435
3.12604
3.49091
3.88667
4.31269
4.76605
5.24923
5.74405
6.23834
6.7291
7.49271
8.97782
10.4614
11.9389
13.4158
14.8881
16.3604
17.8302
19.3
19.3
17.8284
16.3557
14.883
13.4069
11.9305
10.4492
8.96661
7.47851
6.71618
6.22384
5.73103
5.23539
4.75372
4.30022
3.87569
3.48027
3.11664
2.78552
2.48775
2.22298
1.99064
1.7902
1.61536
1.45997
1.3234
1.20591
1.10662
1.02572
0.962731
0.917943
0.890955
0.882061
0.890955
0.917943
0.962731
1.02572
1.10662
1.20591
1.3234
1.45997
1.61536
1.7902
1.99064
2.22298
2.48775
2.78552
3.11664
3.48027
3.87569
4.30022
4.75372
5.23539
5.73103
6.22384
6.71618
7.47851
8.96661
10.4492
11.9305
13.4069
14.883
16.3557
17.8284
19.3
19.3
17.8265
16.3531
14.8775
13.4017
11.9222
10.4417
8.95637
7.46907
6.70517
6.21397
5.72032
5.22585
4.74397
4.29164
3.86736
3.47299
3.1099
2.77951
2.48238
2.21798
1.9862
1.78569
1.61089
1.45478
1.31807
1.19978
1.10033
1.01878
0.95573
0.910495
0.883557
0.874435
0.883557
0.910495
0.95573
1.01878
1.10033
1.19978
1.31807
1.45478
1.61089
1.78569
1.9862
2.21798
2.48238
2.77951
3.1099
3.47299
3.86736
4.29164
4.74397
5.22585
5.72032
6.21397
6.70517
7.46907
8.95637
10.4417
11.9222
13.4017
14.8775
16.3531
17.8265
19.3
19.3
17.8255
16.3502
14.8746
13.3964
11.9174
10.4346
8.95003
7.46113
6.69799
6.20606
5.71323
5.21856
4.7375
4.28543
3.86191
3.46813
3.10557
2.7759
2.47897
2.21528
1.98331
1.78332
1.60797
1.45211
1.31463
1.19644
1.09624
1.0148
0.951195
0.906078
0.878764
0.869854
0.878764
0.906078
0.951195
1.0148
1.09624
1.19644
1.31463
1.45211
1.60797
1.78332
1.98331
2.21528
2.47897
2.7759
3.10557
3.46813
3.86191
4.28543
4.7375
5.21856
5.71323
6.20606
6.69799
7.46113
8.95003
10.4346
11.9174
13.3964
14.8746
16.3502
17.8255
19.3
19.3
17.8245
16.3488
14.8715
13.3936
11.9129
10.4307
8.94473
7.45632
6.6926
6.20113
5.70822
5.21399
4.73329
4.28161
3.85879
3.46524
3.10356
2.7739
2.47787
2.21389
1.9827
1.78208
1.60741
1.45082
1.31374
1.19476
1.09481
1.01272
0.949339
0.903735
0.876677
0.867418
0.876677
0.903735
0.949339
1.01272
1.09481
1.19476
1.31374
1.45082
1.60741
1.78208
1.9827
2.21389
2.47787
2.7739
3.10356
3.46524
3.85879
4.28161
4.73329
5.21399
5.70822
6.20113
6.6926
7.45632
8.94473
10.4307
11.9129
13.3936
14.8715
16.3488
17.8245
19.3
19.3
17.824
16.3473
14.8702
13.391
11.9107
10.4275
8.94197
7.45312
6.68958
6.19821
5.70538
5.21165
4.73096
4.28012
3.8572
3.46473
3.10278
2.77427
2.47775
2.21482
1.98296
1.78329
1.6078
1.45193
1.31399
1.19547
1.09478
1.01307
0.94909
0.903829
0.87632
0.867421
0.87632
0.903829
0.94909
1.01307
1.09478
1.19547
1.31399
1.45193
1.6078
1.78329
1.98296
2.21482
2.47775
2.77427
3.10278
3.46473
3.8572
4.28012
4.73096
5.21165
5.70538
6.19821
6.68958
7.45312
8.94197
10.4275
11.9107
13.391
14.8702
16.3473
17.824
19.3
19.3
17.8235
16.3469
14.8689
13.3902
11.9091
10.4263
8.94047
7.4518
6.68853
6.19696
5.70478
5.21074
4.73103
4.27974
3.85808
3.46504
3.10449
2.77525
2.48008
2.21626
1.98563
1.78503
1.61048
1.45362
1.31648
1.19714
1.09705
1.01461
0.951098
0.905263
0.878175
0.868818
0.878175
0.905263
0.951098
1.01461
1.09705
1.19714
1.31648
1.45362
1.61048
1.78503
1.98563
2.21626
2.48008
2.77525
3.10449
3.46504
3.85808
4.27974
4.73103
5.21074
5.70478
6.19696
6.68853
7.4518
8.94047
10.4263
11.9091
13.3902
14.8689
16.3469
17.8235
19.3
19.3
17.8235
16.3464
14.8689
13.3896
11.9091
10.426
8.94057
7.45235
6.6888
6.19802
5.70529
5.21236
4.73192
4.28204
3.85951
3.46804
3.10648
2.77883
2.48256
2.22025
1.98847
1.7892
1.61359
1.45782
1.31965
1.20108
1.10011
1.01832
0.954097
0.908793
0.881138
0.872287
0.881138
0.908793
0.954097
1.01832
1.10011
1.20108
1.31965
1.45782
1.61359
1.7892
1.98847
2.22025
2.48256
2.77883
3.10648
3.46804
3.85951
4.28204
4.73192
5.21236
5.70529
6.19802
6.6888
7.45235
8.94057
10.426
11.9091
13.3896
14.8689
16.3464
17.8235
19.3
19.3
17.8235
16.3468
14.869
13.3904
11.9097
10.4272
8.94212
7.45399
6.69133
6.19994
5.70841
5.2146
4.73562
4.28463
3.86376
3.47104
3.11125
2.78229
2.48775
2.2241
1.99391
1.79333
1.61908
1.46212
1.32506
1.20546
1.10533
1.02267
0.959121
0.913113
0.886042
0.87659
0.886042
0.913113
0.959121
1.02267
1.10533
1.20546
1.32506
1.46212
1.61908
1.79333
1.99391
2.2241
2.48775
2.78229
3.11125
3.47104
3.86376
4.28463
4.73562
5.2146
5.70841
6.19994
6.69133
7.45399
8.94212
10.4272
11.9097
13.3904
14.869
16.3468
17.8235
19.3
19.3
17.8239
16.3472
14.8702
13.3914
11.9116
10.4294
8.94477
7.45769
6.69464
6.20442
5.71208
5.21973
4.73956
4.29021
3.86791
3.47698
3.11567
2.78857
2.49249
2.23063
1.99898
1.80006
1.62455
1.46895
1.33063
1.21207
1.1109
1.02907
0.96468
0.919371
0.891588
0.882794
0.891588
0.919371
0.96468
1.02907
1.1109
1.21207
1.33063
1.46895
1.62455
1.80006
1.99898
2.23063
2.49249
2.78857
3.11567
3.47698
3.86791
4.29021
4.73956
5.21973
5.71208
6.20442
6.69464
7.45769
8.94477
10.4294
11.9116
13.3914
14.8702
16.3472
17.8239
19.3
19.3
17.8243
16.3484
14.8713
13.3937
11.9139
10.4327
8.94885
7.46222
6.70033
6.20958
5.71867
5.22534
4.74665
4.2958
3.87512
3.48255
3.12302
2.79425
2.50004
2.2366
2.00674
1.80636
1.6324
1.47546
1.33843
1.21871
1.11857
1.03575
0.972187
0.926043
0.898997
0.889463
0.898997
0.926043
0.972187
1.03575
1.11857
1.21871
1.33843
1.47546
1.6324
1.80636
2.00674
2.2366
2.50004
2.79425
3.12302
3.48255
3.87512
4.2958
4.74665
5.22534
5.71867
6.20958
6.70033
7.46222
8.94885
10.4327
11.9139
13.3937
14.8713
16.3484
17.8243
19.3
19.3
17.825
16.3494
14.8735
13.3959
11.9175
10.4367
8.95393
7.4687
6.70682
6.21742
5.72611
5.23432
4.75424
4.30457
3.88212
3.49104
3.12979
2.80277
2.50695
2.24534
2.01399
1.81531
1.63993
1.48442
1.34611
1.22754
1.12627
1.0444
0.97988
0.934559
0.906669
0.897927
0.906669
0.934559
0.97988
1.0444
1.12627
1.22754
1.34611
1.48442
1.63993
1.81531
2.01399
2.24534
2.50695
2.80277
3.12979
3.49104
3.88212
4.30457
4.75424
5.23432
5.72611
6.21742
6.70682
7.4687
8.95393
10.4367
11.9175
13.3959
14.8735
16.3494
17.825
19.3
19.3
17.8256
16.3511
14.8754
13.3993
11.9212
10.4419
8.96006
7.47604
6.71542
6.22624
5.73687
5.24515
4.76542
4.31363
3.89202
3.49913
3.1393
2.81068
2.51655
2.25353
2.02391
1.8239
1.65003
1.49319
1.35608
1.23628
1.13603
1.0531
0.98946
0.943208
0.916156
0.906567
0.916156
0.943208
0.98946
1.0531
1.13603
1.23628
1.35608
1.49319
1.65003
1.8239
2.02391
2.25353
2.51655
2.81068
3.1393
3.49913
3.89202
4.31363
4.76542
5.24515
5.73687
6.22624
6.71542
7.47604
8.96006
10.4419
11.9212
13.3993
14.8754
16.3511
17.8256
19.3
19.3
17.8266
16.3525
14.8783
13.4025
11.9261
10.4473
8.96711
7.48461
6.7247
6.23718
5.74941
5.26302
4.77806
4.32543
3.90168
3.50961
3.14826
2.82106
2.52569
2.26431
2.03362
1.83521
1.66008
1.50437
1.36598
1.24714
1.14573
1.0637
0.999072
0.953677
0.925718
0.91699
0.925718
0.953677
0.999072
1.0637
1.14573
1.24714
1.36598
1.50437
1.66008
1.83521
2.03362
2.26431
2.52569
2.82106
3.14826
3.50961
3.90168
4.32543
4.77806
5.26302
5.74941
6.23718
6.7247
7.48461
8.96711
10.4473
11.9261
13.4025
14.8783
16.3525
17.8266
19.3
19.3
17.8274
16.3547
14.8808
13.4067
11.9307
10.4537
8.97442
7.49361
6.73467
6.2478
5.7616
5.27574
4.79069
4.33639
3.91302
3.5196
3.15927
2.83103
2.53706
2.27496
2.04597
1.84702
1.6727
1.51561
1.37795
1.25795
1.15734
1.07427
1.01047
0.964124
0.937034
0.927412
0.937034
0.964124
1.01047
1.07427
1.15734
1.25795
1.37795
1.51561
1.6727
1.84702
2.04597
2.27496
2.53706
2.83103
3.15927
3.5196
3.91302
4.33639
4.79069
5.27574
5.7616
6.2478
6.73467
7.49361
8.97442
10.4537
11.9307
13.4067
14.8808
16.3547
17.8274
19.3
19.3
17.8285
16.3565
14.8843
13.4105
11.9363
10.4599
8.98243
7.50276
6.74463
6.25848
5.7727
5.28765
4.80201
4.34808
3.92379
3.53106
3.16993
2.84274
2.54826
2.28761
2.05883
1.86279
1.68591
1.52883
1.38995
1.2705
1.1689
1.08657
1.02182
0.976315
0.948303
0.939566
0.948303
0.976315
1.02182
1.08657
1.1689
1.2705
1.38995
1.52883
1.68591
1.86279
2.05883
2.28761
2.54826
2.84274
3.16993
3.53106
3.92379
4.34808
4.80201
5.28765
5.7727
6.25848
6.74463
7.50276
8.98243
10.4599
11.9363
13.4105
14.8843
16.3565
17.8285
19.3
19.3
17.8295
16.3589
14.8873
13.4153
11.9416
10.4671
8.9903
7.51227
6.75467
6.26902
5.78379
5.29884
4.81362
4.35929
3.93548
3.54227
3.18183
2.85429
2.56074
2.30004
2.07239
1.87642
1.69982
1.54187
1.40332
1.28306
1.18201
1.09884
1.03484
0.988438
0.9613
0.951638
0.9613
0.988438
1.03484
1.09884
1.18201
1.28306
1.40332
1.54187
1.69982
1.87642
2.07239
2.30004
2.56074
2.85429
3.18183
3.54227
3.93548
4.35929
4.81362
5.29884
5.78379
6.26902
6.75467
7.51227
8.9903
10.4671
11.9416
13.4153
14.8873
16.3589
17.8295
19.3
19.3
17.8307
16.361
14.891
13.4197
11.9478
10.4739
8.99889
7.52179
6.76501
6.27968
5.79483
5.31026
4.82502
4.37107
3.94712
3.55435
3.19381
2.86682
2.57329
2.31319
2.08571
1.8903
1.71352
1.55579
1.41679
1.29687
1.19521
1.11263
1.04782
1.00223
0.974169
0.965441
0.974169
1.00223
1.04782
1.11263
1.19521
1.29687
1.41679
1.55579
1.71352
1.8903
2.08571
2.31319
2.57329
2.86682
3.19381
3.55435
3.94712
4.37107
4.82502
5.31026
5.79483
6.27968
6.76501
7.52179
8.99889
10.4739
11.9478
13.4197
14.891
16.361
17.8307
19.3
19.3
17.8319
16.3636
14.8945
13.4249
11.9537
10.4816
9.0074
7.53191
6.77551
6.29075
5.80616
5.32189
4.83692
4.38307
3.95942
3.56674
3.20648
2.87967
2.58641
2.32665
2.09942
1.90436
1.72772
1.57
1.43115
1.31095
1.20969
1.1265
1.06239
1.01594
0.988795
0.979092
0.988795
1.01594
1.06239
1.1265
1.20969
1.31095
1.43115
1.57
1.72772
1.90436
2.09942
2.32665
2.58641
2.87967
3.20648
3.56674
3.95942
4.38307
4.83692
5.32189
5.80616
6.29075
6.77551
7.53191
9.0074
10.4816
11.9537
13.4249
14.8945
16.3636
17.8319
19.3
19.3
17.8333
16.3661
14.8986
13.4298
11.9605
10.4892
9.01677
7.54218
6.78668
6.30211
5.81804
5.33399
4.84929
4.39565
3.97223
3.57972
3.21975
2.89302
2.60023
2.34045
2.1138
1.91873
1.74254
1.5848
1.44604
1.32603
1.22445
1.14179
1.07698
1.03138
1.00328
0.994587
1.00328
1.03138
1.07698
1.14179
1.22445
1.32603
1.44604
1.5848
1.74254
1.91873
2.1138
2.34045
2.60023
2.89302
3.21975
3.57972
3.97223
4.39565
4.84929
5.33399
5.81804
6.30211
6.78668
7.54218
9.01677
10.4892
11.9605
13.4298
14.8986
16.3661
17.8333
19.3
19.3
17.8345
16.369
14.9025
13.4357
11.9671
10.4978
9.02612
7.55336
6.79812
6.31428
5.83035
5.34679
4.8622
4.40892
3.98562
3.59347
3.23352
2.90728
2.61439
2.35526
2.12842
1.93407
1.75772
1.60042
1.46165
1.34165
1.24041
1.15729
1.09321
1.04674
1.01965
1.00989
1.01965
1.04674
1.09321
1.15729
1.24041
1.34165
1.46165
1.60042
1.75772
1.93407
2.12842
2.35526
2.61439
2.90728
3.23352
3.59347
3.98562
4.40892
4.8622
5.34679
5.83035
6.31428
6.79812
7.55336
9.02612
10.4978
11.9671
13.4357
14.9025
16.369
17.8345
19.3
19.3
17.8361
16.3717
14.9072
13.4412
11.9748
10.5061
9.03665
7.56466
6.81059
6.32677
5.84356
5.36007
4.87595
4.42274
3.99985
3.60774
3.24827
2.92192
2.62964
2.37029
2.14419
1.94967
1.77396
1.61656
1.47807
1.35825
1.2568
1.17426
1.10948
1.06398
1.03582
1.02721
1.03582
1.06398
1.10948
1.17426
1.2568
1.35825
1.47807
1.61656
1.77396
1.94967
2.14419
2.37029
2.62964
2.92192
3.24827
3.60774
3.99985
4.42274
4.87595
5.36007
5.84356
6.32677
6.81059
7.56466
9.03665
10.5061
11.9748
13.4412
14.9072
16.3717
17.8361
19.3
19.3
17.8375
16.3751
14.9115
13.4479
11.9821
10.5159
9.047
7.57728
6.82325
6.34042
5.85718
5.37437
4.89025
4.4375
4.01467
3.62299
3.2635
2.93763
2.64519
2.38649
2.16021
1.96641
1.79061
1.63366
1.49531
1.37548
1.27452
1.19146
1.12757
1.08108
1.05411
1.04427
1.05411
1.08108
1.12757
1.19146
1.27452
1.37548
1.49531
1.63366
1.79061
1.96641
2.16021
2.38649
2.64519
2.93763
3.2635
3.62299
4.01467
4.4375
4.89025
5.37437
5.85718
6.34042
6.82325
7.57728
9.047
10.5159
11.9821
13.4479
14.9115
16.3751
17.8375
19.3
19.3
17.8394
16.3781
14.917
13.4539
11.991
10.5252
9.05901
7.58986
6.83733
6.35433
5.87204
5.38918
4.90561
4.45291
4.03047
3.63886
3.27971
2.95384
2.66182
2.40305
2.1773
1.98356
1.80823
1.65147
1.51325
1.39391
1.2926
1.2104
1.14564
1.10034
1.07214
1.06364
1.07214
1.10034
1.14564
1.2104
1.2926
1.39391
1.51325
1.65147
1.80823
1.98356
2.1773
2.40305
2.66182
2.95384
3.27971
3.63886
4.03047
4.45291
4.90561
5.38918
5.87204
6.35433
6.83733
7.58986
9.05901
10.5252
11.991
13.4539
14.917
16.3781
17.8394
19.3
19.3
17.841
16.3821
14.9218
13.4617
11.9991
10.5364
9.07058
7.60415
6.85151
6.36971
5.8873
5.4052
4.92164
4.46935
4.04706
3.65567
3.29668
2.97099
2.67906
2.42049
2.19489
2.00148
1.82652
1.66994
1.53234
1.41278
1.31237
1.22944
1.16589
1.11941
1.09262
1.08271
1.09262
1.11941
1.16589
1.22944
1.31237
1.41278
1.53234
1.66994
1.82652
2.00148
2.19489
2.42049
2.67906
2.97099
3.29668
3.65567
4.04706
4.46935
4.92164
5.4052
5.8873
6.36971
6.85151
7.60415
9.07058
10.5364
11.9991
13.4617
14.9218
16.3821
17.841
19.3
19.3
17.8431
16.3855
14.9281
13.4685
12.0092
10.5469
9.08417
7.61833
6.86735
6.38539
5.90393
5.42188
4.93875
4.48669
4.06453
3.67349
3.31445
2.98908
2.69702
2.43871
2.213
2.02006
1.84524
1.68953
1.55182
1.43332
1.33231
1.25064
1.18602
1.14101
1.1128
1.10443
1.1128
1.14101
1.18602
1.25064
1.33231
1.43332
1.55182
1.68953
1.84524
2.02006
2.213
2.43871
2.69702
2.98908
3.31445
3.67349
4.06453
4.48669
4.93875
5.42188
5.90393
6.38539
6.86735
7.61833
9.08417
10.5469
12.0092
13.4685
14.9281
16.3855
17.8431
19.3
19.3
17.8449
16.39
14.9336
13.4773
12.0185
10.5595
9.09737
7.63432
6.88344
6.40255
5.9212
5.43969
4.95685
4.50488
4.08325
3.692
3.33352
3.00775
2.71616
2.4573
2.23192
2.03841
1.86493
1.70932
1.573
1.45406
1.35445
1.27183
1.20873
1.16237
1.13577
1.12583
1.13577
1.16237
1.20873
1.27183
1.35445
1.45406
1.573
1.70932
1.86493
2.03841
2.23192
2.4573
2.71616
3.00775
3.33352
3.692
4.08325
4.50488
4.95685
5.43969
5.9212
6.40255
6.88344
7.63432
9.09737
10.5595
12.0185
13.4773
14.9336
16.39
17.8449
19.3
19.3
17.8473
16.3939
14.9406
13.4853
12.0298
10.5716
9.11245
7.65054
6.90098
6.42037
5.9396
5.45857
4.97576
4.52447
4.10256
3.71212
3.35308
3.02808
2.73572
2.47734
2.25056
2.05613
1.88429
1.73088
1.59439
1.4771
1.37667
1.29565
1.23131
1.18661
1.15849
1.1502
1.15849
1.18661
1.23131
1.29565
1.37667
1.4771
1.59439
1.73088
1.88429
2.05613
2.25056
2.47734
2.73572
3.02808
3.35308
3.71212
4.10256
4.52447
4.97576
5.45857
5.9396
6.42037
6.90098
7.65054
9.11245
10.5716
12.0298
13.4853
14.9406
16.3939
17.8473
19.3
19.3
17.8495
16.3989
14.9472
13.495
12.0408
10.5855
9.12775
7.6681
6.91933
6.43921
5.95916
5.47815
4.99619
4.54455
4.1237
3.73263
3.37468
3.04884
2.75746
2.49807
2.27214
2.07672
1.90673
1.75309
1.6184
1.5004
1.40165
1.31952
1.25686
1.21074
1.18428
1.1744
1.18428
1.21074
1.25686
1.31952
1.40165
1.5004
1.6184
1.75309
1.90673
2.07672
2.27214
2.49807
2.75746
3.04884
3.37468
3.73263
4.1237
4.54455
4.99619
5.47815
5.95916
6.43921
6.91933
7.6681
9.12775
10.5855
12.0408
13.495
14.9472
16.3989
17.8495
19.3
19.3
17.8521
16.4038
14.9548
13.5047
12.0531
10.5998
9.14422
7.68673
6.93847
6.4594
5.97922
5.49937
5.01691
4.56659
4.14509
3.7554
3.39662
3.07211
2.77975
2.5216
2.29474
2.10075
1.93021
1.77833
1.64292
1.52663
1.4269
1.34644
1.28251
1.23801
1.2101
1.20179
1.2101
1.23801
1.28251
1.34644
1.4269
1.52663
1.64292
1.77833
1.93021
2.10075
2.29474
2.5216
2.77975
3.07211
3.39662
3.7554
4.14509
4.56659
5.01691
5.49937
5.97922
6.4594
6.93847
7.68673
9.14422
10.5998
12.0531
13.5047
14.9548
16.4038
17.8521
19.3
19.3
17.8548
16.4091
14.9629
13.5151
12.0663
10.6149
9.16205
7.70585
6.95931
6.47981
6.00106
5.52054
5.03964
4.58865
4.16888
3.77841
3.42123
3.09578
2.80491
2.54585
2.32046
2.1257
1.95679
1.80421
1.67055
1.5534
1.45529
1.37373
1.31134
1.26558
1.23916
1.22944
1.23916
1.26558
1.31134
1.37373
1.45529
1.5534
1.67055
1.80421
1.95679
2.1257
2.32046
2.54585
2.80491
3.09578
3.42123
3.77841
4.16888
4.58865
5.03964
5.52054
6.00106
6.47981
6.95931
7.70585
9.16205
10.6149
12.0663
13.5151
14.9629
16.4091
17.8548
19.3
19.3
17.8576
16.4152
14.9713
13.5269
12.0799
10.6319
9.18013
7.72716
6.98013
6.50234
6.02244
5.54354
5.06192
4.6131
4.19271
3.80419
3.44617
3.1224
2.83063
2.57314
2.34698
2.15388
1.98436
1.83344
1.69899
1.58338
1.48434
1.40424
1.34078
1.2964
1.26878
1.26036
1.26878
1.2964
1.34078
1.40424
1.48434
1.58338
1.69899
1.83344
1.98436
2.15388
2.34698
2.57314
2.83063
3.1224
3.44617
3.80419
4.19271
4.6131
5.06192
5.54354
6.02244
6.50234
6.98013
7.72716
9.18013
10.6319
12.0799
13.5269
14.9713
16.4152
17.8576
19.3
19.3
17.861
16.4211
14.9812
13.5386
12.0957
10.6488
9.20102
7.74836
7.00373
6.52439
6.04579
5.56488
5.08618
4.6373
4.21946
3.83039
3.47429
3.1497
2.85954
2.60126
2.37667
2.18301
2.01521
1.86368
1.73072
1.61433
1.51666
1.43571
1.37353
1.32816
1.30172
1.29221
1.30172
1.32816
1.37353
1.43571
1.51666
1.61433
1.73072
1.86368
2.01521
2.18301
2.37667
2.60126
2.85954
3.1497
3.47429
3.83039
4.21946
4.6373
5.08618
5.56488
6.04579
6.52439
7.00373
7.74836
9.20102
10.6488
12.0957
13.5386
14.9812
16.4211
17.861
19.3
19.3
17.8642
16.4285
14.9907
13.5529
12.1113
10.6692
9.22182
7.77326
7.02737
6.5497
6.06786
5.58453
5.10936
4.66458
4.24678
3.85998
3.50326
3.18036
2.8895
2.63269
2.40752
2.21535
2.04711
1.89702
1.76357
1.64856
1.55029
1.47054
1.40762
1.36333
1.33601
1.32747
1.33601
1.36333
1.40762
1.47054
1.55029
1.64856
1.76357
1.89702
2.04711
2.21535
2.40752
2.63269
2.8895
3.18036
3.50326
3.85998
4.24678
4.66458
5.10936
5.58453
6.06786
6.5497
7.02737
7.77326
9.22182
10.6692
12.1113
13.5529
14.9907
16.4285
17.8642
19.3
19.3
17.8683
16.4355
15.0028
13.5667
12.1305
10.6892
9.24704
7.79869
7.05583
6.57636
6.09614
5.61063
5.13849
4.69361
4.27825
3.89093
3.53592
3.21238
2.9229
2.66554
2.44172
2.24929
2.08236
1.93197
1.79981
1.6845
1.58739
1.50713
1.44522
1.40028
1.37384
1.36454
1.37384
1.40028
1.44522
1.50713
1.58739
1.6845
1.79981
1.93197
2.08236
2.24929
2.44172
2.66554
2.9229
3.21238
3.53592
3.89093
4.27825
4.69361
5.13849
5.61063
6.09614
6.57636
7.05583
7.79869
9.24704
10.6892
12.1305
13.5667
15.0028
16.4355
17.8683
19.3
19.3
17.8722
16.4445
15.0142
13.5841
12.1493
10.7141
9.2726
7.82953
7.08571
6.60887
6.12708
5.6436
5.17054
4.72782
4.31182
3.92615
3.57047
3.24817
2.95811
2.70188
2.47774
2.28654
2.11955
1.97039
1.83813
1.72396
1.62664
1.54737
1.48504
1.44094
1.41394
1.40535
1.41394
1.44094
1.48504
1.54737
1.62664
1.72396
1.83813
1.97039
2.11955
2.28654
2.47774
2.70188
2.95811
3.24817
3.57047
3.92615
4.31182
4.72782
5.17054
5.6436
6.12708
6.60887
7.08571
7.82953
9.2726
10.7141
12.1493
13.5841
15.0142
16.4445
17.8722
19.3
19.3
17.8772
16.453
15.029
13.601
12.173
10.739
9.30381
7.86172
7.1216
6.64356
6.16426
5.67954
5.20842
4.76482
4.35034
3.96386
3.60924
3.28626
2.99706
2.74042
2.51722
2.32605
2.16025
2.01124
1.8801
1.76599
1.6697
1.59026
1.5288
1.48436
1.45808
1.44894
1.45808
1.48436
1.5288
1.59026
1.6697
1.76599
1.8801
2.01124
2.16025
2.32605
2.51722
2.74042
2.99706
3.28626
3.60924
3.96386
4.35034
4.76482
5.20842
5.67954
6.16426
6.64356
7.1216
7.86172
9.30381
10.739
12.173
13.601
15.029
16.453
17.8772
19.3
19.3
17.8819
16.464
15.0431
13.6224
12.1963
10.7697
9.33597
7.90029
7.1597
6.68468
6.20428
5.72169
5.24948
4.80737
4.39195
4.00643
3.65097
3.32858
3.03877
2.78269
2.55927
2.36905
2.2036
2.05573
1.92495
1.81191
1.71572
1.63729
1.57578
1.53214
1.50552
1.49698
1.50552
1.53214
1.57578
1.63729
1.71572
1.81191
1.92495
2.05573
2.2036
2.36905
2.55927
2.78269
3.03877
3.32858
3.65097
4.00643
4.39195
4.80737
5.24948
5.72169
6.20428
6.68468
7.1597
7.90029
9.33597
10.7697
12.1963
13.6224
15.0431
16.464
17.8819
19.3
19.3
17.8881
16.4746
15.0613
13.6435
12.2256
10.8009
9.37486
7.94105
7.20471
6.72879
6.25106
5.76737
5.2968
4.85365
4.43917
4.05265
3.69761
3.37437
3.08472
2.82808
2.60498
2.41476
2.25044
2.10329
1.97374
1.8612
1.76621
1.68801
1.62748
1.58376
1.55787
1.54889
1.55787
1.58376
1.62748
1.68801
1.76621
1.8612
1.97374
2.10329
2.25044
2.41476
2.60498
2.82808
3.08472
3.37437
3.69761
4.05265
4.43917
4.85365
5.2968
5.76737
6.25106
6.72879
7.20471
7.94105
9.37486
10.8009
12.2256
13.6435
15.0613
16.4746
17.8881
19.3
19.3
17.894
16.4883
15.0791
13.6702
12.255
10.8393
9.41543
7.9894
7.25293
6.78042
6.30173
5.8202
5.34848
4.90649
4.49088
4.10472
3.74858
3.42521
3.13464
2.87768
2.65383
2.46357
2.3001
2.15446
2.02607
1.91503
1.82085
1.74395
1.68363
1.64083
1.61476
1.60639
1.61476
1.64083
1.68363
1.74395
1.82085
1.91503
2.02607
2.15446
2.3001
2.46357
2.65383
2.87768
3.13464
3.42521
3.74858
4.10472
4.49088
4.90649
5.34848
5.8202
6.30173
6.78042
7.25293
7.9894
9.41543
10.8393
12.255
13.6702
15.0791
16.4883
17.894
19.3
19.3
17.9018
16.5015
15.1019
13.6966
12.2917
10.8787
9.46438
8.04098
7.30967
6.83629
6.36063
5.87796
5.40786
4.96463
4.54958
4.16214
3.80579
3.48121
3.18998
2.93176
2.70665
2.51392
2.35272
2.20921
2.08295
1.97346
1.88095
1.80477
1.74579
1.70317
1.67797
1.66918
1.67797
1.70317
1.74579
1.80477
1.88095
1.97346
2.08295
2.20921
2.35272
2.51392
2.70665
2.93176
3.18998
3.48121
3.80579
4.16214
4.54958
4.96463
5.40786
5.87796
6.36063
6.83629
7.30967
8.04098
9.46438
10.8787
12.2917
13.6966
15.1019
16.5015
17.9018
19.3
19.3
17.9092
16.5188
15.1241
13.7303
12.3288
10.9272
9.51579
8.10227
7.37094
6.90173
6.42501
5.94481
5.47336
5.03119
4.61473
4.22721
3.86943
3.54413
3.25152
2.99214
2.76562
2.57143
2.40886
2.26896
2.14506
2.03776
1.94666
1.87219
1.81388
1.77251
1.74724
1.73916
1.74724
1.77251
1.81388
1.87219
1.94666
2.03776
2.14506
2.26896
2.40886
2.57143
2.76562
2.99214
3.25152
3.54413
3.86943
4.22721
4.61473
5.03119
5.47336
5.94481
6.42501
6.90173
7.37094
8.10227
9.51579
10.9272
12.3288
13.7303
15.1241
16.5188
17.9092
19.3
19.3
17.9189
16.5353
15.1529
13.7636
12.3753
10.9771
9.57811
8.16805
7.44334
6.97311
6.50018
6.01862
5.54902
5.10538
4.68929
4.30013
3.94165
3.61478
3.32104
3.06025
2.83246
2.63721
2.47426
2.33582
2.21402
2.10853
2.0196
1.94649
1.88986
1.84899
1.82478
1.81638
1.82478
1.84899
1.88986
1.94649
2.0196
2.10853
2.21402
2.33582
2.47426
2.63721
2.83246
3.06025
3.32104
3.61478
3.94165
4.30013
4.68929
5.10538
5.54902
6.01862
6.50018
6.97311
7.44334
8.16805
9.57811
10.9771
12.3753
13.7636
15.1529
16.5353
17.9189
19.3
19.3
17.9281
16.557
15.1807
13.8061
12.4221
11.0389
9.64375
8.24662
7.52204
7.05717
6.58299
6.10455
5.63342
5.191
4.77323
4.3837
4.0234
3.69534
3.39994
3.13758
2.90819
2.71131
2.54731
2.40954
2.28989
2.18715
2.10027
2.02947
1.97404
1.9348
1.91078
1.90315
1.91078
1.9348
1.97404
2.02947
2.10027
2.18715
2.28989
2.40954
2.54731
2.71131
2.90819
3.13758
3.39994
3.69534
4.0234
4.3837
4.77323
5.191
5.63342
6.10455
6.58299
7.05717
7.52204
8.24662
9.64375
11.0389
12.4221
13.8061
15.1807
16.557
17.9281
19.3
19.3
17.9401
16.5774
15.2166
13.8478
12.4809
11.1024
9.72352
8.33142
7.61545
7.14945
6.68007
6.20013
5.73146
5.28749
4.87014
4.47869
4.11733
3.78734
3.49029
3.2261
2.99452
2.79508
2.62693
2.48863
2.37359
2.27409
2.19041
2.12178
2.06874
2.03048
2.00784
1.99996
2.00784
2.03048
2.06874
2.12178
2.19041
2.27409
2.37359
2.48863
2.62693
2.79508
2.99452
3.2261
3.49029
3.78734
4.11733
4.47869
4.87014
5.28749
5.73146
6.20013
6.68007
7.14945
7.61545
8.33142
9.72352
11.1024
12.4809
13.8478
15.2166
16.5774
17.9401
19.3
19.3
17.9513
16.6038
15.2507
13.9004
12.5397
11.1806
9.80791
8.43295
7.71781
7.25847
6.78767
6.31156
5.84162
5.39954
4.98053
4.5886
4.22517
3.89363
3.59464
3.32856
3.09484
2.89279
2.72163
2.58027
2.46773
2.37175
2.29106
2.22578
2.1748
2.13877
2.11673
2.10972
2.11673
2.13877
2.1748
2.22578
2.29106
2.37175
2.46773
2.58027
2.72163
2.89279
3.09484
3.32856
3.59464
3.89363
4.22517
4.5886
4.98053
5.39954
5.84162
6.31156
6.78767
7.25847
7.71781
8.43295
9.80791
11.1806
12.5397
13.9004
15.2507
16.6038
17.9513
19.3
19.3
17.9654
16.628
15.2935
13.9513
12.6122
11.2611
9.9099
8.54369
7.83965
7.37937
6.91371
6.43531
5.96974
5.52712
5.10902
4.71511
4.35044
4.01677
3.71608
3.4482
3.21263
3.00846
2.83464
2.68994
2.57292
2.48151
2.40498
2.34313
2.29555
2.26128
2.24107
2.23397
2.24107
2.26128
2.29555
2.34313
2.40498
2.48151
2.57292
2.68994
2.83464
3.00846
3.21263
3.4482
3.71608
4.01677
4.35044
4.71511
5.10902
5.52712
5.96974
6.43531
6.91371
7.37937
7.83965
8.54369
9.9099
11.2611
12.6122
13.9513
15.2935
16.628
17.9654
19.3
19.3
17.9779
16.6577
15.3331
14.013
12.6841
11.358
10.0187
8.6762
7.97549
7.52286
7.05444
6.575
6.11479
5.67647
5.25712
4.86269
4.49582
4.16069
3.85831
3.589
3.35211
3.14641
2.97067
2.82357
2.70288
2.60695
2.53328
2.47736
2.43327
2.40194
2.38284
2.37674
2.38284
2.40194
2.43327
2.47736
2.53328
2.60695
2.70288
2.82357
2.97067
3.14641
3.35211
3.589
3.85831
4.16069
4.49582
4.86269
5.25712
5.67647
6.11479
6.575
7.05444
7.52286
7.97549
8.6762
10.0187
11.358
12.6841
14.013
15.3331
16.6577
17.9779
19.3
19.3
17.9923
16.6834
15.3791
14.0706
12.7681
11.4572
10.1477
8.82356
8.13843
7.68688
7.22438
6.74464
6.28973
5.85042
5.43078
5.0337
4.66569
4.32896
4.02566
3.75574
3.51834
3.31206
3.13553
2.98692
2.8643
2.76541
2.68897
2.63314
2.59316
2.56408
2.54732
2.5415
2.54732
2.56408
2.59316
2.63314
2.68897
2.76541
2.8643
2.98692
3.13553
3.31206
3.51834
3.75574
4.02566
4.32896
4.66569
5.0337
5.43078
5.85042
6.28973
6.74464
7.22438
7.68688
8.13843
8.82356
10.1477
11.4572
12.7681
14.0706
15.3791
16.6834
17.9923
19.3
19.3
18.0035
16.7106
15.4178
14.1336
12.8477
11.5697
10.2848
8.99884
8.3253
7.88416
7.41825
6.94995
6.49564
6.0561
5.63089
5.23232
4.86323
4.52637
4.22318
3.954
3.71743
3.51205
3.33604
3.18758
3.06402
2.9638
2.88418
2.82382
2.78018
2.75372
2.73972
2.73499
2.73972
2.75372
2.78018
2.82382
2.88418
2.9638
3.06402
3.18758
3.33604
3.51205
3.71743
3.954
4.22318
4.52637
4.86323
5.23232
5.63089
6.0561
6.49564
6.94995
7.41825
7.88416
8.3253
8.99884
10.2848
11.5697
12.8477
14.1336
15.4178
16.7106
18.0035
19.3
19.3
18.0132
16.7288
15.4542
14.1846
12.9292
11.6778
10.4377
9.19534
8.55202
8.12032
7.66406
7.19744
6.74325
6.29572
5.85749
5.45865
5.09391
4.75792
4.45721
4.19115
3.9577
3.75506
3.58161
3.43454
3.31218
3.21142
3.13074
3.06742
3.02065
2.98862
2.97055
2.96438
2.97055
2.98862
3.02065
3.06742
3.13074
3.21142
3.31218
3.43454
3.58161
3.75506
3.9577
4.19115
4.45721
4.75792
5.09391
5.45865
5.85749
6.29572
6.74325
7.19744
7.66406
8.12032
8.55202
9.19534
10.4377
11.6778
12.9292
14.1846
15.4542
16.7288
18.0132
19.3
19.3
18.0153
16.7385
15.4721
14.2246
12.9915
11.7804
10.5846
9.41372
8.82204
8.41235
7.96331
7.50071
7.03645
6.58215
6.14817
5.7421
5.36795
5.03057
4.73544
4.47781
4.25034
4.05367
3.88471
3.74158
3.62134
3.52223
3.44116
3.37716
3.32806
3.29393
3.27334
3.26683
3.27334
3.29393
3.32806
3.37716
3.44116
3.52223
3.62134
3.74158
3.88471
4.05367
4.25034
4.47781
4.73544
5.03057
5.36795
5.7421
6.14817
6.58215
7.03645
7.50071
7.96331
8.41235
8.82204
9.41372
10.5846
11.7804
12.9915
14.2246
15.4721
16.7385
18.0153
19.3
19.3
18.0076
16.7264
15.4675
14.2328
13.0285
11.8502
10.7029
9.58413
9.02449
8.62712
8.18715
7.72692
7.2601
6.8118
6.38015
5.97025
5.5909
5.24825
4.94612
4.68456
4.4644
4.27855
4.11781
3.98031
3.86463
3.76774
3.68841
3.62406
3.57469
3.53894
3.51782
3.51043
3.51782
3.53894
3.57469
3.62406
3.68841
3.76774
3.86463
3.98031
4.11781
4.27855
4.4644
4.68456
4.94612
5.24825
5.5909
5.97025
6.38015
6.8118
7.2601
7.72692
8.18715
8.62712
9.02449
9.58413
10.7029
11.8502
13.0285
14.2328
15.4675
16.7264
18.0076
19.3
19.3
17.9805
16.6827
15.4198
14.199
13.0186
11.8785
10.7734
9.70433
9.16676
8.78068
8.33979
7.88822
7.43335
6.99158
6.56145
6.15071
5.76929
5.42382
5.11815
4.85321
4.62956
4.44738
4.29689
4.16783
4.05746
3.96474
3.88717
3.82433
3.77456
3.73901
3.71693
3.70991
3.71693
3.73901
3.77456
3.82433
3.88717
3.96474
4.05746
4.16783
4.29689
4.44738
4.62956
4.85321
5.11815
5.42382
5.76929
6.15071
6.56145
6.99158
7.43335
7.88822
8.33979
8.78068
9.16676
9.70433
10.7734
11.8785
13.0186
14.199
15.4198
16.6827
17.9805
19.3
19.3
17.92
16.5827
15.3082
14.099
12.949
11.8498
10.7935
9.77453
9.26179
8.88819
8.45639
8.01295
7.5647
7.12525
6.69521
6.28717
5.90866
5.56516
5.25928
4.99323
4.76721
4.5819
4.43612
4.31735
4.214
4.12526
4.05087
3.9891
3.94059
3.90461
3.883
3.87534
3.883
3.90461
3.94059
3.9891
4.05087
4.12526
4.214
4.31735
4.43612
4.5819
4.76721
4.99323
5.25928
5.56516
5.90866
6.28717
6.69521
7.12525
7.5647
8.01295
8.45639
8.88819
9.26179
9.77453
10.7935
11.8498
12.949
14.099
15.3082
16.5827
17.92
19.3
19.3
17.7927
16.3842
15.0944
13.9064
12.8004
11.7553
10.7587
9.79917
9.31571
8.95766
8.53863
8.10365
7.65944
7.21308
6.77775
6.37853
6.01444
5.67864
5.37723
5.11215
4.88614
4.70015
4.55619
4.44309
4.34463
4.26038
4.18843
4.12891
4.08084
4.04584
4.02377
4.01672
4.02377
4.04584
4.08084
4.12891
4.18843
4.26038
4.34463
4.44309
4.55619
4.70015
4.88614
5.11215
5.37723
5.67864
6.01444
6.37853
6.77775
7.21308
7.65944
8.10365
8.53863
8.95766
9.31571
9.79917
10.7587
11.7553
12.8004
13.9064
15.0944
16.3842
17.7927
19.3
19.3
17.51
16.0018
14.7189
13.5883
12.5544
11.5886
10.6676
9.78308
9.33363
8.996
8.59141
8.16889
7.73114
7.28821
6.85251
6.45317
6.09582
5.77422
5.47871
5.21678
4.99094
4.80423
4.6573
4.55027
4.45743
4.37703
4.30838
4.25021
4.20371
4.16859
4.14737
4.1397
4.14737
4.16859
4.20371
4.25021
4.30838
4.37703
4.45743
4.55027
4.6573
4.80423
4.99094
5.21678
5.47871
5.77422
6.09582
6.45317
6.85251
7.28821
7.73114
8.16889
8.59141
8.996
9.33363
9.78308
10.6676
11.5886
12.5544
13.5883
14.7189
16.0018
17.51
19.3
19.3
16.7882
15.264
14.1093
13.1145
12.2072
11.3489
10.5277
9.73062
9.32454
9.00815
8.62325
8.21385
7.78826
7.35213
6.92317
6.52767
6.17768
5.86241
5.57256
5.31253
5.08796
4.90046
4.75254
4.64386
4.55806
4.48203
4.41578
4.35975
4.31371
4.2797
4.25799
4.25109
4.25799
4.2797
4.31371
4.35975
4.41578
4.48203
4.55806
4.64386
4.75254
4.90046
5.08796
5.31253
5.57256
5.86241
6.17768
6.52767
6.92317
7.35213
7.78826
8.21385
8.62325
9.00815
9.32454
9.73062
10.5277
11.3489
12.2072
13.1145
14.1093
15.264
16.7882
19.3
14.5198
14.5185
13.953
13.2438
12.5106
11.778
11.059
10.3494
9.65495
9.29359
9.00438
8.63851
8.24763
7.83444
7.41076
6.98941
6.60262
6.25795
5.94911
5.66188
5.40484
5.18034
4.99346
4.845
4.73723
4.65402
4.58024
4.51596
4.4608
4.41599
4.38183
4.36091
4.35341
4.36091
4.38183
4.41599
4.4608
4.51596
4.58024
4.65402
4.73723
4.845
4.99346
5.18034
5.40484
5.66188
5.94911
6.25795
6.60262
6.98941
7.41076
7.83444
8.24763
8.63851
9.00438
9.29359
9.65495
10.3494
11.059
11.778
12.5106
13.2438
13.953
14.5185
14.5198
13.1362
13.1379
12.8601
12.4234
11.899
11.3358
10.7496
10.1583
9.56459
9.25347
8.98897
8.64715
8.27317
7.8776
7.46597
7.05708
6.6774
6.34062
6.0348
5.75116
5.49453
5.27154
5.08404
4.9364
4.8289
4.74731
4.67489
4.61159
4.55742
4.51257
4.47911
4.45769
4.45082
4.45769
4.47911
4.51257
4.55742
4.61159
4.67489
4.74731
4.8289
4.9364
5.08404
5.27154
5.49453
5.75116
6.0348
6.34062
6.6774
7.05708
7.46597
7.8776
8.27317
8.64715
8.98897
9.25347
9.56459
10.1583
10.7496
11.3358
11.899
12.4234
12.8601
13.1379
13.1362
12.188
12.1863
12.0242
11.7322
11.3571
10.923
10.4576
9.96983
9.47601
9.20905
8.97293
8.65206
8.29968
7.92041
7.5266
7.12783
6.75858
6.42696
6.12472
5.84053
5.58526
5.3613
5.1746
5.02641
4.91995
4.83883
4.76734
4.70477
4.65085
4.60659
4.57267
4.55186
4.54441
4.55186
4.57267
4.60659
4.65085
4.70477
4.76734
4.83883
4.91995
5.02641
5.1746
5.3613
5.58526
5.84053
6.12472
6.42696
6.75858
7.12783
7.5266
7.92041
8.29968
8.65206
8.97293
9.20905
9.47601
9.96983
10.4576
10.923
11.3571
11.7322
12.0242
12.1863
12.188
11.4929
11.4946
11.3833
11.1803
10.9001
10.5685
10.1965
9.80277
9.39402
9.17149
8.95881
8.66262
8.32905
7.97139
7.59888
7.21059
6.84847
6.52665
6.21776
5.93282
5.67536
5.45188
5.26395
5.11665
5.01008
4.92989
4.85866
4.79634
4.74285
4.69838
4.66493
4.64355
4.63665
4.64355
4.66493
4.69838
4.74285
4.79634
4.85866
4.92989
5.01008
5.11665
5.26395
5.45188
5.67536
5.93282
6.21776
6.52665
6.84847
7.21059
7.59888
7.97139
8.32905
8.66262
8.95881
9.17149
9.39402
9.80277
10.1965
10.5685
10.9001
11.1803
11.3833
11.4946
11.4929
10.9733
10.9719
10.8945
10.7422
10.5324
10.2722
9.97911
9.65943
9.32838
9.14168
8.95511
8.6805
8.36769
8.02531
7.67324
7.30485
6.9514
6.62345
6.3122
6.02389
5.76636
5.54115
5.35375
5.20571
5.10018
5.02009
4.9494
4.8873
4.8336
4.78948
4.75555
4.73464
4.72705
4.73464
4.75555
4.78948
4.8336
4.8873
4.9494
5.02009
5.10018
5.20571
5.35375
5.54115
5.76636
6.02389
6.3122
6.62345
6.9514
7.30485
7.67324
8.02531
8.36769
8.6805
8.95511
9.14168
9.32838
9.65943
9.97911
10.2722
10.5324
10.7422
10.8945
10.9719
10.9733
10.575
10.5766
10.5159
10.4026
10.2382
10.0362
9.80098
9.54599
9.27702
9.12484
8.96065
8.71684
8.41925
8.08479
7.74565
7.39869
7.05163
6.71841
6.40326
6.11455
5.85525
5.63063
5.44234
5.29494
5.1892
5.10993
5.03933
4.97728
4.92381
4.87925
4.84569
4.82409
4.81707
4.82409
4.84569
4.87925
4.92381
4.97728
5.03933
5.10993
5.1892
5.29494
5.44234
5.63063
5.85525
6.11455
6.40326
6.71841
7.05163
7.39869
7.74565
8.08479
8.41925
8.71684
8.96065
9.12484
9.27702
9.54599
9.80098
10.0362
10.2382
10.4026
10.5159
10.5766
10.575
10.2734
10.2723
10.2279
10.1376
10.0109
9.84912
9.66331
9.45697
9.24208
9.11541
8.97115
8.74442
8.46265
8.13836
7.81222
7.47584
7.13691
6.80466
6.49113
6.20181
5.94353
5.71817
5.53066
5.38283
5.27791
5.19881
5.1285
5.06666
5.01291
4.96853
4.93427
4.91311
4.9054
4.91311
4.93427
4.96853
5.01291
5.06666
5.1285
5.19881
5.27791
5.38283
5.53066
5.71817
5.94353
6.20181
6.49113
6.80466
7.13691
7.47584
7.81222
8.13836
8.46265
8.74442
8.97115
9.11541
9.24208
9.45697
9.66331
9.84912
10.0109
10.1376
10.2279
10.2723
10.2734
10.042
10.0434
10.0064
9.93737
9.83508
9.70803
9.55763
9.39334
9.2194
9.1157
8.98481
8.7732
8.50267
8.19023
7.87318
7.54649
7.21328
6.88607
6.57431
6.28747
6.02942
5.80527
5.61753
5.47056
5.36575
5.28729
5.21707
5.15506
5.10147
5.05648
5.02256
5.0006
4.99355
5.0006
5.02256
5.05648
5.10147
5.15506
5.21707
5.28729
5.36575
5.47056
5.61753
5.80527
6.02942
6.28747
6.57431
6.88607
7.21328
7.54649
7.87318
8.19023
8.50267
8.7732
8.98481
9.1157
9.2194
9.39334
9.55763
9.70803
9.83508
9.93737
10.0064
10.0434
10.042
9.87052
9.86974
9.84234
9.78556
9.70562
9.60224
9.48289
9.34947
9.21087
9.12364
9.00554
8.8044
8.54544
8.24186
7.93396
7.61377
7.28723
6.96389
6.65586
6.37055
6.11441
5.89072
5.70403
5.55726
5.45327
5.37517
5.30518
5.24319
5.18915
5.14433
5.1097
5.08818
5.08038
5.08818
5.1097
5.14433
5.18915
5.24319
5.30518
5.37517
5.45327
5.55726
5.70403
5.89072
6.11441
6.37055
6.65586
6.96389
7.28723
7.61377
7.93396
8.24186
8.54544
8.8044
9.00554
9.12364
9.21087
9.34947
9.48289
9.60224
9.70562
9.78556
9.84234
9.86974
9.87052
9.7432
9.74435
9.72077
9.67682
9.6111
9.52928
9.4319
9.32554
9.21346
9.14135
9.03239
8.84194
8.59234
8.29887
7.99619
7.68185
7.35961
7.04074
6.73561
6.45313
6.19821
5.9759
5.78958
5.6437
5.54017
5.46256
5.39278
5.33062
5.27671
5.23123
5.19687
5.17473
5.16747
5.17473
5.19687
5.23123
5.27671
5.33062
5.39278
5.46256
5.54017
5.6437
5.78958
5.9759
6.19821
6.45313
6.73561
7.04074
7.35961
7.68185
7.99619
8.29887
8.59234
8.84194
9.03239
9.14135
9.21346
9.32554
9.4319
9.52928
9.6111
9.67682
9.72077
9.74435
9.7432
9.65507
9.65466
9.63703
9.60027
9.54841
9.48119
9.40355
9.317
9.22801
9.16682
9.06686
8.88488
8.64637
8.3669
8.06329
7.75105
7.43279
7.11703
6.81514
6.5346
6.28172
6.06034
5.87524
5.72969
5.62684
5.54971
5.48005
5.41805
5.36365
5.31836
5.28336
5.26145
5.25365
5.26145
5.28336
5.31836
5.36365
5.41805
5.48005
5.54971
5.62684
5.72969
5.87524
6.06034
6.28172
6.5346
6.81514
7.11703
7.43279
7.75105
8.06329
8.3669
8.64637
8.88488
9.06686
9.16682
9.22801
9.317
9.40355
9.48119
9.54841
9.60027
9.63703
9.65466
9.65507
9.59614
9.59689
9.58161
9.55276
9.5098
9.45613
9.39259
9.32344
9.25185
9.20047
9.10686
8.93247
8.70115
8.42939
8.12954
7.82111
7.50619
7.19402
6.89472
6.61653
6.36494
6.14475
5.96029
5.81548
5.71324
5.63657
5.56712
5.50502
5.45063
5.40478
5.36987
5.34743
5.33997
5.34743
5.36987
5.40478
5.45063
5.50502
5.56712
5.63657
5.71324
5.81548
5.96029
6.14475
6.36494
6.61653
6.89472
7.19402
7.50619
7.82111
8.12954
8.42939
8.70115
8.93247
9.10686
9.20047
9.25185
9.32344
9.39259
9.45613
9.5098
9.55276
9.58161
9.59689
9.59614
9.56328
9.56333
9.55151
9.52744
9.49301
9.44889
9.3978
9.3417
9.28493
9.24081
9.15284
8.98383
8.75811
8.49162
8.19616
7.89161
7.58025
7.27124
6.97443
6.69833
6.44822
6.22915
6.04538
5.90118
5.79952
5.72338
5.65401
5.59183
5.53712
5.49115
5.45579
5.43337
5.42563
5.43337
5.45579
5.49115
5.53712
5.59183
5.65401
5.72338
5.79952
5.90118
6.04538
6.22915
6.44822
6.69833
6.97443
7.27124
7.58025
7.89161
8.19616
8.49162
8.75811
8.98383
9.15284
9.24081
9.28493
9.3417
9.3978
9.44889
9.49301
9.52744
9.55151
9.56333
9.56328
9.55077
9.55106
9.54121
9.52173
9.49342
9.45762
9.41601
9.37086
9.32573
9.28763
9.20404
9.03935
8.81815
8.55584
8.26429
7.96342
7.65552
7.34931
7.055
6.78071
6.53207
6.31384
6.13069
5.98685
5.8857
5.80987
5.74064
5.67831
5.62343
5.5772
5.54157
5.51891
5.51118
5.51891
5.54157
5.5772
5.62343
5.67831
5.74064
5.80987
5.8857
5.98685
6.13069
6.31384
6.53207
6.78071
7.055
7.34931
7.65552
7.96342
8.26429
8.55584
8.81815
9.03935
9.20404
9.28763
9.32573
9.37086
9.41601
9.45762
9.49342
9.52173
9.54121
9.55106
9.55077
9.55562
9.55607
9.54785
9.53201
9.50869
9.47957
9.44561
9.40937
9.37354
9.34043
9.26022
9.09932
8.88148
8.62289
8.33452
8.03718
7.73207
7.42862
7.13629
6.86363
6.61597
6.39872
6.21617
6.07273
5.97195
5.8963
5.827
5.76451
5.70932
5.6627
5.62688
5.60399
5.59616
5.60399
5.62688
5.6627
5.70932
5.76451
5.827
5.8963
5.97195
6.07273
6.21617
6.39872
6.61597
6.86363
7.13629
7.42862
7.73207
8.03718
8.33452
8.62289
8.88148
9.09932
9.26022
9.34043
9.37354
9.40937
9.44561
9.47957
9.50869
9.53201
9.54785
9.55607
9.55562
9.57531
9.57528
9.56894
9.55552
9.53673
9.51256
9.48526
9.4558
9.42798
9.39842
9.32149
9.16316
8.94867
8.69254
8.40755
8.11264
7.81058
7.50904
7.21875
6.9471
6.70066
6.48371
6.30163
6.15839
6.05793
5.98239
5.91304
5.85028
5.79472
5.74776
5.71154
5.68848
5.6805
5.68848
5.71154
5.74776
5.79472
5.85028
5.91304
5.98239
6.05793
6.15839
6.30163
6.48371
6.70066
6.9471
7.21875
7.50904
7.81058
8.11264
8.40755
8.69254
8.94867
9.16316
9.32149
9.39842
9.42798
9.4558
9.48526
9.51256
9.53673
9.55552
9.56894
9.57528
9.57531
9.60663
9.60723
9.60146
9.59091
9.57497
9.55561
9.53299
9.50975
9.48776
9.46171
9.38682
9.2313
9.01871
8.76559
8.48265
8.19064
7.89042
7.59114
7.30215
7.03176
6.78563
6.56911
6.38696
6.24393
6.14353
6.06809
5.99848
5.93538
5.87936
5.83186
5.79527
5.77194
5.76391
5.77194
5.79527
5.83186
5.87936
5.93538
5.99848
6.06809
6.14353
6.24393
6.38696
6.56911
6.78563
7.03176
7.30215
7.59114
7.89042
8.19064
8.48265
8.76559
9.01871
9.2313
9.38682
9.46171
9.48776
9.50975
9.53299
9.55561
9.57497
9.59091
9.60146
9.60723
9.60663
9.64892
9.64886
9.64465
9.63544
9.62278
9.60649
9.58851
9.56955
9.55301
9.529
9.45654
9.3026
9.09248
8.84096
8.56059
8.2703
7.97228
7.67416
7.3866
7.1167
6.87115
6.65449
6.47224
6.32899
6.22852
6.15295
6.08299
6.01928
5.96269
5.91455
5.87738
5.85377
5.84566
5.85377
5.87738
5.91455
5.96269
6.01928
6.08299
6.15295
6.22852
6.32899
6.47224
6.65449
6.87115
7.1167
7.3866
7.67416
7.97228
8.2703
8.56059
8.84096
9.09248
9.3026
9.45654
9.529
9.55301
9.56955
9.58851
9.60649
9.62278
9.63544
9.64465
9.64886
9.64892
9.69936
9.69977
9.6959
9.68868
9.67793
9.66491
9.65005
9.63525
9.62252
9.60074
9.52958
9.37753
9.16869
8.9192
8.63992
8.35171
8.05489
7.7583
7.47124
7.20213
6.95662
6.73996
6.55728
6.41359
6.31273
6.23666
6.16603
6.10145
6.04392
5.99516
5.95728
5.93325
5.92501
5.93325
5.95728
5.99516
6.04392
6.10145
6.16603
6.23666
6.31273
6.41359
6.55728
6.73996
6.95662
7.20213
7.47124
7.7583
8.05489
8.35171
8.63992
8.9192
9.16869
9.37753
9.52958
9.60074
9.62252
9.63525
9.65005
9.66491
9.67793
9.68868
9.6959
9.69977
9.69936
9.75752
9.75771
9.7547
9.74863
9.73996
9.72924
9.71737
9.70558
9.6963
9.67587
9.606
9.4548
9.24726
8.99868
8.72082
8.43362
8.13819
7.84222
7.55611
7.28727
7.04193
6.82491
6.64169
6.49727
6.3956
6.31865
6.24684
6.18102
6.12241
6.07245
6.03401
6.00939
6.00103
6.00939
6.03401
6.07245
6.12241
6.18102
6.24684
6.31865
6.3956
6.49727
6.64169
6.82491
7.04193
7.28727
7.55611
7.84222
8.13819
8.43362
8.72082
8.99868
9.24726
9.4548
9.606
9.67587
9.6963
9.70558
9.71737
9.72924
9.73996
9.74863
9.7547
9.75771
9.75752
9.82185
9.82189
9.81958
9.81454
9.80763
9.79887
9.78946
9.78009
9.77337
9.75388
9.68469
9.53405
9.32698
9.07913
8.80189
8.51565
8.2209
7.92575
7.64007
7.37167
7.12629
6.9089
6.72493
6.5793
6.47636
6.39796
6.32439
6.25698
6.19668
6.14556
6.10602
6.081
6.07227
6.081
6.10602
6.14556
6.19668
6.25698
6.32439
6.39796
6.47636
6.5793
6.72493
6.9089
7.12629
7.37167
7.64007
7.92575
8.2209
8.51565
8.80189
9.07913
9.32698
9.53405
9.68469
9.75388
9.77337
9.78009
9.78946
9.79887
9.80763
9.81454
9.81958
9.82189
9.82185
9.89104
9.89146
9.88928
9.88563
9.87984
9.87321
9.86548
9.85838
9.85323
9.83431
9.76505
9.61423
9.40683
9.15875
8.88165
8.59576
8.30141
8.00682
7.72175
7.45388
7.20873
6.99109
6.80613
6.65888
6.55384
6.47302
6.397
6.32721
6.26502
6.21222
6.17182
6.14601
6.13727
6.14601
6.17182
6.21222
6.26502
6.32721
6.397
6.47302
6.55384
6.65888
6.80613
6.99109
7.20873
7.45388
7.72175
8.00682
8.30141
8.59576
8.88165
9.15875
9.40683
9.61423
9.76505
9.83431
9.85323
9.85838
9.86548
9.87321
9.87984
9.88563
9.88928
9.89146
9.89104
9.96486
9.96467
9.96352
9.96032
9.95639
9.95095
9.94543
9.9396
9.93597
9.91663
9.84666
9.69398
9.48514
9.23577
8.95784
8.67135
8.37725
8.08331
7.79926
7.53258
7.28832
7.07081
6.88486
6.73524
6.62699
6.54249
6.46266
6.38963
6.32477
6.27041
6.22862
6.20223
6.19304
6.20223
6.22862
6.27041
6.32477
6.38963
6.46266
6.54249
6.62699
6.73524
6.88486
7.07081
7.28832
7.53258
7.79926
8.08331
8.37725
8.67135
8.95784
9.23577
9.48514
9.69398
9.84666
9.91663
9.93597
9.9396
9.94543
9.95095
9.95639
9.96032
9.96352
9.96467
9.96486
10.0412
10.0416
10.0403
10.0386
10.0356
10.0322
10.028
10.0242
10.0213
10.0017
9.92866
9.77184
9.55935
9.30751
9.02749
8.73971
8.44491
8.15194
7.86978
7.60573
7.36386
7.14771
6.9605
6.80793
6.69474
6.60417
6.51855
6.44075
6.37278
6.3166
6.27402
6.24686
6.23769
6.24686
6.27402
6.3166
6.37278
6.44075
6.51855
6.60417
6.69474
6.80793
6.9605
7.14771
7.36386
7.60573
7.86978
8.15194
8.44491
8.73971
9.02749
9.30751
9.55935
9.77184
9.92866
10.0017
10.0213
10.0242
10.028
10.0322
10.0356
10.0386
10.0403
10.0416
10.0412
10.1202
10.1201
10.1198
10.1186
10.1173
10.1154
10.1134
10.1113
10.1107
10.0922
10.012
9.84413
9.6263
9.37029
9.08651
8.79516
8.49883
8.20698
7.92877
7.66983
7.43446
7.22254
7.03482
6.87796
6.75587
6.65485
6.56003
6.47608
6.40392
6.34749
6.30493
6.27724
6.26773
6.27724
6.30493
6.34749
6.40392
6.47608
6.56003
6.65485
6.75587
6.87796
7.03482
7.22254
7.43446
7.66983
7.92877
8.20698
8.49883
8.79516
9.08651
9.37029
9.6263
9.84413
10.012
10.0922
10.1107
10.1113
10.1134
10.1154
10.1173
10.1186
10.1198
10.1201
10.1202
10.2
10.2
10.2
10.2
10.2
10.2
10.2
10.2
10.2
10.2
10.1
9.9
9.68
9.42
9.13
8.83
8.53
8.24
7.97
7.72
7.5
7.3
7.11
6.95
6.81
6.69
6.58
6.49
6.41
6.36
6.32
6.29
6.28
6.29
6.32
6.36
6.41
6.49
6.58
6.69
6.81
6.95
7.11
7.3
7.5
7.72
7.97
8.24
8.53
8.83
9.13
9.42
9.68
9.9
10.1
10.2
10.2
10.2
10.2
10.2
10.2
10.2
10.2
10.2
10.2
